NIS_RADAR
8.75389
3.89255
23.0099
16.2007
20.676
85.0773
16.7618
10.877
17.1266
52.284
14.189
6.7992
6.30102
4.02889
15.1484
18.5562
4.10703
8.78857
12.4066
3.82116
0.606931
2.47434
1.77727
0.71411
4.0196
1.05745
7.57568
12.5214
1.12099
0.967306
0.471293
4.21942
0.408367
3.59186
15.1494
0.812586
2.57573
9.37341
0.271081
1.95754
2.43011
5.3174
5.35718
1.12399
0.341836
5.06227
6.80617
1.07299
6.58207
0.949856
2.35695
0.97338
0.934778
1.35379
2.36213
2.57853
3.42378
1.0511
0.42624
4.16558
4.38553
3.18303
0.453053
14.0283
7.97235
3.41561
6.13019
9.22712
4.92372
1.30368
2.21736
0.457561
5.42847
1.93385
2.30629
6.53579
1.03102
5.04294
4.96624
0.59942
1.80837
5.49486
7.26876
3.21981
3.63058
1.42841
4.17252
3.09009
4.46375
2.43738
0.915279
2.07698
4.14254
1.11008
0.0724433
4.95764
1.95181
5.73817
0.65046
0.333789
1.68095
0.163645
4.7011
1.71275
4.23608
1.94675
0.824014
7.06284
9.2832
2.26684
0.940841
8.22931
3.84715
0.889706
0.320203
1.5662
0.943873
0.877859
4.34065
4.42785
5.32192
0.0673292
5.298
2.37301
6.61459
1.97482
5.25517
0.532832
4.04547
1.88812
0.452438
0.042924
5.33929
1.93604
1.66446
4.82179
3.10218
2.74753
2.62314
1.0576
3.2729
8.90402
7.79585
2.97475
4.07091
5.21816
2.50515
0.763443
1.55909
1.06692
1.84363
4.78936
7.23318
1.65365
3.41949
6.06637
0.889897
0.532838
3.6714
2.4764
2.04572
1.42063
2.8308
7.82903
4.6703
0.489995
3.95438
1.92801
3.4537
3.20726
2.86632
0.2846
2.37874
2.51738
3.54898
8.68787
2.23283
2.22251
1.4477
6.27821
0.306556
0.476701
5.37509
2.31048
1.98092
3.2276
4.01653
0.674276
1.54813
1.65932
0.359562
4.7833
4.11883
2.71983
4.00538
5.87817
3.22778
0.135706
2.7362
6.25157
0.0839842
1.51965
2.51441
0.632786
0.962721
1.56299
3.38079
1.50648
0.152929
1.45162
2.19828
0.676567
2.59343
1.35765
1.48493
3.60613
0.573874
3.77178
0.258257
2.58246
2.21656
5.93115
2.75569
1.87145
1.38148
6.83667
2.096
6.01451
4.51431
4.73239
0.732
1.06741
2.2273
2.45844
1.29942
2.53379
7.42378
9.53157
0.992944
2.06138
3.8996
1.65166
2.71902
1.38175
3.52235
0.614782
2.44403
0.356219
3.47339
1.81361
1.00578
2.28431
3.08113
1.66507
1.26696
1.9558
0.437879
1.22745
4.60345
2.17088
3.55798
9.24134
4.13385
