NIS_LASER
2.65975
4.32502
10.8667
2.47296
2.9809
1.38818
6.59228
20.24
8.94548
12.2617
2.10094
10.9996
4.48763
0.152269
0.0414781
5.20064
5.01091
1.06923
0.59475
5.6816
2.91726
1.378
0.434159
1.66608
0.13779
1.34898
1.72368
5.15509
4.68233
2.19723
2.71871
2.31842
2.03269
0.121435
0.226838
0.169911
0.352606
6.07652
1.66795
0.138982
1.26914
0.801468
1.95856
0.356138
2.08399
4.24338
4.12774
0.369138
2.11761
0.753393
0.452851
1.58921
4.90912
3.05495
1.31065
0.892882
1.192
3.40098
0.691664
1.79117
0.0715747
0.27858
2.26076
0.0136515
7.57363
0.547089
2.35413
8.59805
0.461197
1.19416
2.67506
14.1818
3.44605
1.55577
1.69128
0.945058
0.77678
1.815
0.209379
3.22907
1.3845
2.67253
0.807531
0.127427
0.191525
6.93416
1.0157
7.11322
0.223751
0.38273
2.549
1.30215
3.07274
1.02493
2.04955
1.58264
0.419301
0.159631
5.82303
0.128371
0.921566
5.36381
0.134236
1.67677
1.68466
1.48957
0.96407
3.51689
0.166894
0.977888
2.37759
0.61735
3.62286
1.6583
0.751622
1.02966
1.59557
4.03358
0.26429
0.854364
0.905318
0.310919
2.46129
0.724729
4.99604
6.27282
6.0199
4.81123
1.46693
0.480282
0.96606
0.525307
0.635924
0.0244654
0.961924
1.16141
0.161275
2.32456
0.683992
1.79152
0.80862
0.0113589
1.93052
0.914963
1.12543
1.20634
1.3184
4.42207
3.75303
1.6585
0.267308
1.77415
3.23038
1.58791
0.110539
0.97102
2.57465
0.180496
0.910012
1.00488
5.31072
2.8901
3.26112
2.05628
3.13176
2.42913
2.51273
1.00401
3.52238
0.0484113
0.039082
2.75171
2.34635
1.01792
0.898845
1.25467
0.996703
3.633
2.89752
3.38046
2.20928
1.61758
0.42905
0.246685
2.04236
6.6237
4.3581
0.276424
1.99051
0.433478
1.44088
6.00612
8.79172
2.5135
1.17657
1.73213
11.0764
0.69005
4.79081
0.440062
2.54356
1.63981
1.21836
2.77788
1.79196
0.0727737
3.59503
0.434914
0.872976
1.76521
0.168199
0.591808
0.507121
0.748451
0.772741
3.26212
0.0342909
1.01302
2.73025
3.79669
1.16943
7.13367
0.303749
0.349782
1.10302
0.843263
2.89764
5.66902
0.487942
0.0131266
0.62528
4.26368
2.54944
2.02157
2.32839
0.324199
0.317791
0.33034
0.26418
0.18695
0.616523
3.64591
2.007
0.55225
0.328065
6.91875
1.41304
4.74805
2.54924
2.04783
1.20275
1.1746
0.967947
0.0484516
0.124435
0.3075
2.93161
0.723176
1.08756
0.19628
0.0334851
0.760456
